0.0 0.0 0.0
0.0 0.0 -0.000591549
0.0 0.0 -0.000452908
0.0 0.0 -0.000419785
0.0 0.0 -0.000751939
0.0 0.0 -0.000790358
0.0 0.0 -0.00204742
0.0 0.0 -0.00217215
0.0 0.0 -0.00258486
0.0 0.0 -0.0026245
0.0 0.0 -0.00262768
0.0 0.0 -0.00263021
0.0 0.0 -0.00263224
0.0 0.0 -0.00353748
0.0 0.0 -0.00277709
0.0 0.0 -0.00210373
0.0 0.0 -0.00204772
0.0 0.0 -0.00200291
0.0 0.0 -0.00253714
0.0 0.0 -0.00294077
0.0 0.0 -0.00351775
0.0 0.0 -0.00409969
0.0 0.0 -0.00459606
0.0 0.0 -0.00446483
0.0 0.0 -0.00404045
0.0 0.0 -0.00351527
0.0 0.0 -0.00346522
0.0 0.0 -0.00346122
0.0 0.0 -0.00399084
0.0 0.0 -0.00334574
0.0 0.0 -0.00259203
0.0 0.0 -0.00293876
0.0 0.0 -0.00293237
0.0 0.0 -0.0029096
0.0 0.0 -0.00326411
0.0 0.0 -0.00298018
0.0 0.0 -0.00315913
0.0 0.0 -0.00324777
0.0 0.0 -0.00404603
0.0 0.0 -0.00385869
0.0 0.0 -0.0035356
0.0 0.0 -0.00327712
0.0 0.0 -0.00381349
0.0 0.0 -0.00451544
0.0 0.0 -0.00459351
0.0 0.0 -0.00497425
0.0 0.0 -0.00536778
0.0 0.0 -0.00510979
0.0 0.0 -0.00507908
0.0 0.0 -0.00505452
0.0 0.0 -0.00447376
0.0 0.0 -0.00477608
0.0 0.0 -0.00481014
0.0 0.0 -0.00481287
0.0 0.0 -0.00425727
0.0 0.0 -0.00384457
0.0 0.0 -0.00326321
0.0 0.0 -0.00351143
0.0 0.0 -0.00307523
0.0 0.0 -0.00300108
0.0 0.0 -0.0037632
0.0 0.0 -0.00357362
0.0 0.0 -0.00334846
0.0 0.0 -0.00331262
0.0 0.0 -0.00330976
0.0 0.0 -0.00330747
0.0 0.0 -0.0017671
0.0 0.0 -0.00289297
0.0 0.0 -0.00300249
0.0 0.0 -0.0021979
0.0 0.0 -0.00211543
0.0 0.0 -0.00170605
0.0 0.0 -0.0013106
0.0 0.0 -0.0017066
0.0 0.0 -0.00199726
0.0 0.0 -0.00246892
0.0 0.0 -0.00263419
0.0 0.0 -0.00243952
0.0 0.0 -0.00259055
0.0 0.0 -0.0022323
0.0 0.0 -0.00184357
0.0 0.0 -0.00223401
0.0 0.0 -0.00230948
0.0 0.0 -0.00265781
0.0 0.0 -0.00305093
0.0 0.0 -0.00336542
0.0 0.0 -0.00339057
0.0 0.0 -0.0041319
0.0 0.0 -0.00417483
0.0 0.0 -0.00310856
0.0 0.0 -0.00242094
0.0 0.0 -0.00189374
0.0 0.0 -0.00142261
0.0 0.0 -0.000970528
0.0 0.0 -0.000524879
0.0 0.0 -8.1402e-05
0.0 0.0 0.000361341
0.0 0.0 0.000803837
0.0 0.0 0.00124625
0.0 0.0 0.00168863
0.0 0.0 0.00213101
0.0 0.0 0.00257338
0.0 0.0 0.00301575
0.0 0.0 0.00345812
0.0 0.0 0.00390049
0.0 0.0 0.00434286
0.0 0.0 0.00478523
0.0 0.0 0.00522759
0.0 0.0 0.00566996
0.0 0.0 0.00611233
0.0 0.0 0.0065547
0.0 0.0 0.00699707
0.0 0.0 0.00743944
0.0 0.0 0.00788181
0.0 0.0 0.00832418
0.0 0.0 0.00876655
0.0 0.0 0.00920892
0.0 0.0 0.00965129
0.0 0.0 0.0100937
0.0 0.0 0.010536
0.0 0.0 0.0109784
0.0 0.0 0.0114208
0.0 0.0 0.0118631
0.0 0.0 0.0123055
0.0 0.0 0.0127479
0.0 0.0 0.0131902
0.0 0.0 0.0136326
0.0 0.0 0.014075
0.0 0.0 0.0145174
0.0 0.0 0.0149597
0.0 0.0 0.0154021
0.0 0.0 0.0158445
0.0 0.0 0.0162868
0.0 0.0 0.0167292
0.0 0.0 0.0171716
0.0 0.0 0.0176139
0.0 0.0 0.0174966
0.0 0.0 0.0170935
-1.57951e-07 -2.10118e-09 0.003277
-2.63084e-07 -1.72004e-08 -0.00988974
-2.63194e-07 -2.60479e-08 0.00323997
-2.63284e-07 -3.30226e-08 0.0174892
-4.20658e-07 -4.43733e-08 0.0350641
-7.03585e-07 -6.71036e-08 0.0568454
0.000136535 1.66847e-05 0.083695
0.000167768 -4.62732e-08 0.115136
5.72013e-05 -5.71978e-05 0.151685
-0.000111032 -0.000167535 0.193469
-0.000350527 -0.000350195 0.239953
-0.000647337 -0.000607015 0.291266
-0.000944916 -0.000966007 0.347025
-0.00128105 -0.00142376 0.406865
-0.00158891 -0.00196279 0.472364
-0.00184947 -0.00256199 0.543742
-0.00202562 -0.00320342 0.618514
-0.00211213 -0.00388071 0.696378
-0.00210563 -0.00457691 0.777964
-0.00199133 -0.00526957 0.859576
-0.00177807 -0.00594823 0.941255
-0.00147024 -0.0065904 1.0227
-0.00106623 -0.00717739 1.10393
-0.00057892 -0.00770039 1.18444
-4.49083e-05 -0.00815173 1.26532
0.000511675 -0.00850429 1.34795
0.00108248 -0.00874901 1.43096
0.00166944 -0.00888849 1.51396
0.00226802 -0.00892858 1.59757
0.00286824 -0.00885846 1.68219
0.00345598 -0.00869069 1.7672
0.00400545 -0.00842445 1.85226
0.00450346 -0.00807128 1.93764
0.00493056 -0.00763673 2.02353
0.00527639 -0.00712966 2.10947
0.00552951 -0.00655995 2.19548
0.00568816 -0.00594986 2.28183
0.00573591 -0.00532033 2.36843
0.00567282 -0.00468684 2.4552
0.00549824 -0.00406887 2.54182
0.00521136 -0.00348344 2.62832
0.00481179 -0.00294741 2.71469
0.00431375 -0.0024742 2.80101
0.00372952 -0.0020883 2.887
0.00308516 -0.0017971 2.97271
0.00238386 -0.00163452 3.06029
0.0016493 -0.00158471 -3.13659
0.000920001 -0.00164754 -3.0515
0.000218197 -0.00184049 -2.96673
-0.000449354 -0.00214683 -2.88246
-0.0010565 -0.00255658 -2.79886
-0.00158472 -0.00306279 -2.71573
-0.00202608 -0.00364761 -2.63238
-0.00240514 -0.00421881 -2.54851
-0.00262152 -0.00478298 -2.46459
-0.00273335 -0.00537802 -2.38121
-0.00273756 -0.00599239 -2.29795
-0.00264605 -0.00660447 -2.21392
-0.00245048 -0.00718355 -2.12985
-0.00214707 -0.00772046 -2.0461
-0.00176152 -0.00821044 -1.96229
-0.00127634 -0.00861493 -1.87783
-0.000694956 -0.00894193 -1.79234
-4.37069e-05 -0.00917569 -1.70667
0.00066186 -0.0092866 -1.62092
0.00139966 -0.00928205 -1.53477
0.00212645 -0.00916965 -1.44834
0.00281161 -0.00892918 -1.36169
0.00345146 -0.00857741 -1.27488
0.00402141 -0.00812242 -1.18823
0.00450524 -0.00756764 -1.09935
0.00488978 -0.00693685 -1.01119
0.00516024 -0.00625007 -0.924173
0.00518959 -0.00543352 -0.838601
0.0051228 -0.00537604 -0.75425
0.00498948 -0.0046472 -0.672252
0.00474009 -0.00391237 -0.592213
0.00437181 -0.00322069 -0.514151
0.00387982 -0.00257773 -0.438415
0.00331503 -0.00196886 -0.364326
0.00271199 -0.00152311 -0.291731
0.00202023 -0.00116508 -0.218746
0.00119729 -0.00101667 -0.144058
0.00113891 -0.00109815 -0.0676411
0.000253714 -0.00108849 0.00825332
-0.000626492 -0.00119916 0.0850464
-0.00147786 -0.00143613 0.163947
-0.00226805 -0.00179131 0.245031
-0.00297152 -0.00225463 0.327447
-0.00358368 -0.00281191 0.410856
-0.00408578 -0.0034496 0.495569
-0.00447568 -0.00414719 0.58068
-0.00473977 -0.00488438 0.666655
-0.00487163 -0.00564549 0.752979
-0.00487545 -0.00641311 0.839564
-0.00475405 -0.00716456 0.9287
-0.0044975 -0.00787029 1.01734
-0.00413116 -0.00852357 1.10533
-0.00365639 -0.00909336 1.19252
-0.00308626 -0.00957349 1.27973
-0.00243641 -0.00994585 1.36667
-0.00174266 -0.0102131 1.45343
-0.00102434 -0.0103428 1.53943
-0.000292747 -0.0103504 1.62488
0.000442757 -0.0101954 1.71024
0.00118601 -0.00988854 1.79548
0.00189762 -0.00948255 1.88037
0.00251007 -0.0089733 1.96504
0.00302688 -0.00838235 2.0498
0.00342782 -0.00772184 2.13495
0.0037131 -0.00701101 2.22039
0.00387449 -0.00627489 2.30516
0.00390623 -0.00552915 2.38942
0.00381304 -0.00478969 2.47333
0.00360802 -0.00408061 2.55815
0.00327984 -0.00342954 2.64302
0.00284963 -0.00283848 2.72798
0.00232742 -0.002334 2.81268
0.00172348 -0.00192674 2.89807
0.0010523 -0.00163028 2.98368
0.000336055 -0.00144941 3.06942
-0.000404991 -0.00139589 -3.12527
-0.00114236 -0.00147248 -3.03709
-0.0018542 -0.0016737 -2.94945
-0.0025186 -0.00199542 -2.86191
-0.00311665 -0.00242659 -2.77472
-0.00363082 -0.00295417 -2.68779
-0.00404598 -0.00356242 -2.60111
-0.00435174 -0.00422955 -2.51454
-0.00451657 -0.00495717 -2.42837
-0.00453405 -0.00575105 -2.34371
-0.00446374 -0.00656186 -2.26043
-0.00427274 -0.00731321 -2.17844
-0.0039733 -0.00800366 -2.09737
-0.00356878 -0.00862339 -2.01784
-0.00306616 -0.00916901 -1.94037
-0.00248977 -0.00963816 -1.86497
-0.00185289 -0.0100084 -1.78928
-0.00117375 -0.0102795 -1.71225
-0.000465552 -0.0104317 -1.63335
0.000261426 -0.010466 -1.55336
0.00099145 -0.0103776 -1.47226
0.00170413 -0.0101781 -1.3892
0.00236754 -0.00986416 -1.30529
0.00296899 -0.00943579 -1.2208
0.00349925 -0.00891247 -1.13555
0.00393217 -0.008303 -1.04741
0.00425327 -0.00762877 -0.959493
0.00445907 -0.00691551 -0.872035
0.00453462 -0.0061824 -0.784909
0.00448385 -0.00544587 -0.698026
0.00431934 -0.0047336 -0.611363
0.00404974 -0.0040751 -0.524526
0.00369967 -0.00348931 -0.438121
0.00329341 -0.00299315 -0.352352
0.00281816 -0.00260453 -0.266444
0.00228012 -0.00230491 -0.180762
0.00169722 -0.00210429 -0.095205
0.00108973 -0.00200883 -0.0109686
0.000481889 -0.00200885 0.0711734
-0.000143252 -0.00221469 0.149945
-0.00084268 -0.00249173 0.228642
-0.0014657 -0.00276296 0.30642
-0.00192122 -0.00310401 0.381765
-0.00233705 -0.00346704 0.45386
-0.00266191 -0.00382537 0.523018
-0.00292668 -0.00416306 0.588314
-0.0179381 -0.0212296 0.689082
-0.015446 -0.0196784 0.727194
-0.0159192 -0.0213451 0.746745
-0.0163526 -0.022781 0.758661
-0.0167086 -0.0239572 0.766321
-0.0169899 -0.0248974 0.771349
-0.0172137 -0.0256497 0.774799
-0.017392 -0.0262513 0.777018
-0.0175345 -0.0267326 0.77838
-0.0176486 -0.0271176 0.779262
-0.0177393 -0.0274257 0.77928
-0.0178124 -0.0276721 0.77971
-0.0178709 -0.0278691 0.780275
-0.0179178 -0.0280268 0.780655
-0.0179551 -0.0281529 0.780611
-0.017985 -0.0282539 0.780317
-0.0180091 -0.0283345 0.779844
-0.0180284 -0.0283991 0.779892
-0.0180439 -0.0284507 0.780207
-0.0180563 -0.028492 0.780492
-0.0180662 -0.028525 0.780562
-0.0180741 -0.0285514 0.780336
-0.0180804 -0.0285726 0.779982
-0.0180854 -0.0285895 0.779758
-0.0180895 -0.0286031 0.779356
-0.0180927 -0.0286139 0.779379
-0.0180953 -0.0286226 0.779119
-0.0180973 -0.0286295 0.778436
-0.0180989 -0.028635 0.778129
-0.0181002 -0.0286395 0.778245
-0.0181013 -0.028643 0.778185
-0.0181021 -0.0286459 0.777791
-0.0181028 -0.0286482 0.777427
-0.0181033 -0.02865 0.777778
-0.0181038 -0.0286514 0.778346
-0.0181041 -0.0286526 0.778865
-0.0181044 -0.0286535 0.779049
-0.0181046 -0.0286543 0.779162
-0.0181048 -0.0286549 0.779614
-0.0181049 -0.0286553 0.779855
-0.018105 -0.0286557 0.779588
-0.0181051 -0.028656 0.779222
-0.0181052 -0.0286563 0.778993
-0.0181053 -0.0286565 0.778596
-0.0181053 -0.0286566 0.778644
-0.0181054 -0.0286567 0.778969
-0.0181054 -0.0286568 0.779265
-0.0181054 -0.0286569 0.779421
-0.0181054 -0.028657 0.779486
-0.0181054 -0.028657 0.779783
-0.0181055 -0.0286571 0.779973
-0.0181055 -0.0286571 0.779839
-0.0181055 -0.0286571 0.779238
-0.0181055 -0.0286572 0.778575
-0.0181055 -0.0286572 0.778428
-0.0181055 -0.0286572 0.778667
-0.0181055 -0.0286572 0.778821
-0.0181055 -0.0286572 0.778558
-0.0181055 -0.0286572 0.778848
-0.0181055 -0.0286572 0.77934
-0.0181055 -0.0286572 0.779947
-0.0181055 -0.0286572 0.780398
-0.0181055 -0.0286572 0.780569
-0.0181055 -0.0286572 0.780604
-0.0181055 -0.0286572 0.780343
-0.0181055 -0.0286572 0.779988
-0.0181055 -0.0286572 0.779918
-0.0181055 -0.0286572 0.779534
-0.0181055 -0.0286572 0.778879
-0.0181055 -0.0286572 0.778669
-0.0181055 -0.0286572 0.779078
-0.0181055 -0.0286572 0.779905
-0.0181055 -0.0286572 0.78068
-0.0181055 -0.0286572 0.78077
-0.0181055 -0.0286572 0.78056
-0.0181055 -0.0286572 0.780686